-,-,-
-356.689453, -285.888672, 893.554688
-403.564453, -217.529297, 850.585938
-525.146484, -314.208984, 829.101562
-612.548828, -345.458984, 710.449219
-622.802734, -457.763672, 636.718750
-409.423828, -382.568359, 743.164062
-290.771484, -352.294922, 761.718750
-182.861328, -317.138672, 940.429688
-101.806641, -249.755859, 1012.695312
-150.634766, -181.396484, 1044.921875
-186.279297, -53.955078, 1095.214844
-,-,-
-379.150391, -100.341797, 1016.601562
-432.861328, -103.271484, 970.703125
-268.798828, -129.638672, 763.671875
-237.548828, -149.169922, 936.035156
-323.486328, -58.349609, 945.312500
-336.669922, -73.486328, 949.218750
-411.865234, -131.591797, 1027.832031
-362.548828, -116.455078, 866.699219
-220.458984, -138.427734, 870.117188
-217.041016, -136.474609, 910.156250
-290.771484, -121.826172, 1041.015625
-106.689453, -177.490234, 1484.375000
-379.638672, -201.904297, 1551.757812
-557.373047, -161.865234, 1327.148438
-471.923828, -156.982422, 1028.808594
-325.927734, -199.951172, 888.671875
-202.392578, -215.087891, 675.292969
-69.091797, -239.990234, 669.921875
-38.330078, -190.673828, 651.367188
-134.033203, -195.068359, 598.632812
-78.857422, -166.259766, 506.835938
-88.134766, -212.646484, 439.453125
-56.884766, -235.107422, 441.406250
-55.419922, -224.365234, 555.664062
-125.732422, -172.607422, 640.625000
-227.783203, -117.919922, 828.125000
-320.068359, -70.556641, 1033.691406
-357.666016, -43.701172, 1180.664062
-366.455078, 9.765625, 1198.242188
-325.927734, -48.095703, 1248.046875
-356.689453, -19.287109, 1202.148438
-336.669922, -71.533203, 1125.488281
-266.845703, -36.865234, 950.195312
-177.978516, -52.490234, 1124.511719
-192.138672, -49.072266, 1038.085938
-241.455078, -63.232422, 1009.765625
-213.134766, -49.560547, 986.328125
-69.580078, -61.279297, 1208.007812
-46.630859, -63.232422, 1503.906250
-122.802734, -81.787109, 1564.453125
-324.951172, -89.599609, 1371.093750
-378.662109, -76.904297, 1092.773438
-338.623047, -96.923828, 847.656250
-343.017578, -114.013672, 667.968750
-220.947266, -147.705078, 687.500000
-157.958984, -168.212891, 784.179688
-131.591797, -170.654297, 962.890625
-,-,-
-431.396484, -231.201172, 1002.441406
-305.908203, -186.279297, 685.546875
-435.302734, -187.255859, 885.742188
-339.599609, -115.478516, 756.835938
-331.298828, -263.916016, 1028.320312
-351.806641, -136.474609, 1041.992188
-369.384766, -159.912109, 1406.250000
-277.587891, -145.751953, 1609.863281
-246.337891, -152.099609, 1402.343750
-526.123047, -163.818359, 1250.000000
-516.845703, -146.240234, 865.722656
-443.115234, -210.693359, 702.148438
-242.431641, -235.595703, 512.695312
-190.185547, -300.537109, 412.109375
-64.697266, -321.044922, 380.859375
-34.912109, -329.833984, 489.257812
-7.080078, -318.115234, 511.230469
-130.126953, -298.583984, 626.953125
-,-,-
-377.685547, -135.498047, 1096.191406
-244.384766, -96.923828, 854.492188
-354.248047, -162.841797, 1051.757812
-165.283203, -93.994141, 788.085938
-241.455078, -133.544922, 1051.757812
-170.166016, -92.529297, 1003.906250
-140.869141, -119.384766, 1212.890625
-21.240234, -110.107422, 1513.183594
-134.033203, -136.474609, 1578.613281
-401.123047, -148.193359, 1579.589844
-510.498047, -167.236328, 1070.312500
-432.861328, -196.044922, 817.382812
-113.525391, -230.224609, 440.429688
-60.791016, -314.208984, 433.593750
-3.173828, -270.263672, 43.945312
-296.630859, -282.958984, -455.322266
-391.357422, -203.857422, -1693.115234
-115.966797, 309.082031, -422.119141
-348.388672, 459.472656, 1232.421875
-465.576172, 451.660156, 1999.755859
-778.564453, 184.570312, 1999.755859
-471.435547, 78.613281, 1806.640625
-478.759766, 12.695312, 1377.441406
-305.908203, 13.671875, 653.320312
-304.443359, 49.316406, 602.539062
-310.302734, 71.289062, 867.675781
-362.060547, 81.054688, 1246.093750
-146.240234, -3.662109, 966.308594
-63.232422, 3.417969, 593.750000
-574.951172, -84.716797, 1425.292969
-434.814453, 6.835938, 905.761719
-210.205078, 21.972656, 945.312500
-261.962891, 37.109375, 971.191406
-226.806641, 66.406250, 969.238281
-239.990234, 62.500000, 949.218750
-214.599609, 45.898438, 984.375000
-190.673828, 52.734375, 1002.929688
-208.251953, 59.570312, 934.082031
-252.197266, 59.570312, 973.632812
-227.294922, 65.917969, 1074.218750
-,-,-
-410.888672, 80.078125, 904.296875
-421.142578, -116.943359, 887.695312
-259.521484, -97.900391, 902.832031
-51.025391, -61.279297, 1259.765625
237.792969, -43.212891, 1231.445312
138.183594, -50.048828, 1213.867188
-385.498047, -83.740234, 868.652344
-1046.142578, -184.326172, 504.882812
-1017.333984, -240.966797, 345.703125
-445.068359, -47.119141, 617.675781
-78.857422, -89.599609, 1153.320312
99.609375, -76.904297, 1261.718750
-,-,-
-185.791016, -150.146484, 959.960938
-476.806641, -81.787109, 978.515625
-608.154297, -90.576172, 953.125000
-799.072266, -273.193359, 637.695312
-333.740234, -197.509766, 1024.902344
897.460938, 176.757812, 1329.101562
1030.273438, 255.859375, 1254.394531
-395.751953, 193.847656, 594.726562
-1999.755859, -73.974609, 192.871094
-1951.416016, -146.728516, 629.882812
867.675781, 80.078125, 1644.042969
1900.878906, 79.101562, 1637.207031
1309.570312, 219.726562, 1397.460938
-1805.419922, 208.007812, 604.003906
-1999.755859, -175.537109, -190.185547
-575.439453, -22.705078, 328.613281
997.070312, 262.207031, 1855.468750
1769.042969, 213.378906, 1999.755859
980.468750, 182.617188, 1681.152344
-1686.279297, 37.597656, 258.300781
-1999.755859, -214.111328, -1203.857422
-1235.595703, 247.558594, 102.050781
1362.792969, 479.980469, 1999.755859
1999.755859, 106.445312, 1999.755859
526.367188, 164.062500, 1415.527344
-1999.755859, -9.521484, -400.634766
-1999.755859, -114.990234, -875.732422
-46.142578, 279.296875, 926.269531
1614.746094, 231.445312, 1999.755859
1791.503906, 70.800781, 1999.755859
-218.994141, 160.156250, 963.378906
-1999.755859, -59.326172, -815.673828
-1999.755859, 19.042969, -572.509766
355.468750, 324.218750, 1391.113281
1972.656250, 104.492188, 1999.755859
1564.941406, 20.996094, 1999.755859
-1162.353516, 158.203125, 375.000000
